%%% (Data source: Economic, LLC)
%swp1y	swp2y	swp3y	sw4y	sw5y	sw7y	sw10y	sw30y
7.1	7.16	7.17	7.17	7.17	7.2	7.24	7.24
7.03	7.06	7.07	7.07	7.08	7.11	7.14	7.16
7.07	7.13	7.14	7.15	7.16	7.19	7.21	7.21
7.01	7.04	7.06	7.06	7.07	7.1	7.14	7.14
7.04	7.09	7.11	7.13	7.14	7.17	7.2	7.19
7.04	7.1	7.11	7.13	7.14	7.18	7.22	7.2
7.06	7.12	7.14	7.15	7.17	7.2	7.23	7.19
7.04	7.09	7.1	7.12	7.13	7.16	7.19	7.13
7.08	7.14	7.16	7.17	7.19	7.21	7.23	7.17
7.12	7.21	7.23	7.25	7.28	7.31	7.35	7.28
7.12	7.21	7.23	7.25	7.28	7.31	7.35	7.29
7.13	7.22	7.25	7.27	7.29	7.32	7.36	7.3
7.07	7.14	7.16	7.18	7.21	7.24	7.29	7.23
7.03	7.09	7.11	7.12	7.14	7.18	7.21	7.16
7.04	7.12	7.14	7.16	7.17	7.2	7.24	7.19
7.03	7.1	7.11	7.13	7.15	7.18	7.23	7.17
7.02	7.08	7.1	7.11	7.13	7.17	7.21	7.17
7.01	7.07	7.09	7.1	7.11	7.15	7.2	7.15
7.03	7.09	7.11	7.13	7.15	7.19	7.23	7.19
7.06	7.12	7.14	7.16	7.18	7.22	7.26	7.21
7.04	7.08	7.1	7.12	7.14	7.18	7.23	7.17
7.02	7.06	7.08	7.1	7.12	7.16	7.2	7.18
6.98	7.02	7.04	7.05	7.07	7.11	7.16	7.13
6.94	6.97	6.98	7	7.02	7.06	7.11	7.09
6.94	6.97	6.98	7	7.03	7.06	7.09	7.06
6.94	6.97	6.99	7.01	7.03	7.06	7.09	7.07
6.93	6.96	6.97	7	7.02	7.05	7.09	7.07
6.9	6.92	6.94	6.96	6.98	7.01	7.06	7.05
6.92	6.94	6.95	6.95	6.97	6.99	7.02	7
6.96	7	7.02	7.04	7.05	7.07	7.09	7.05
6.96	6.99	7	7.01	7.03	7.04	7.06	7.02
6.96	7.01	7.02	7.03	7.04	7.06	7.08	7.04
6.97	7.01	7.02	7.03	7.04	7.06	7.09	7.05
6.96	7.01	7.02	7.03	7.04	7.07	7.08	7.06
6.95	6.98	6.99	7	7.02	7.04	7.07	7.05
6.95	6.98	6.99	7.01	7.03	7.05	7.08	7.06
6.93	6.95	6.95	6.95	6.96	6.98	7.01	7
6.91	6.93	6.93	6.94	6.94	6.96	6.99	6.98
6.9	6.91	6.92	6.92	6.92	6.94	6.97	6.96
6.92	6.94	6.94	6.94	6.94	6.96	6.99	6.99
6.93	6.97	6.97	6.98	6.99	7.02	7.06	7.05
6.94	6.99	7	7.01	7.03	7.06	7.09	7.08
6.91	6.93	6.94	6.95	6.96	6.99	7.03	7.03
6.84	6.85	6.85	6.86	6.87	6.91	6.96	6.97
6.83	6.83	6.83	6.84	6.85	6.88	6.93	6.94
6.85	6.86	6.86	6.87	6.88	6.92	6.97	6.99
6.84	6.85	6.86	6.87	6.89	6.93	6.99	7
6.84	6.85	6.86	6.88	6.91	6.95	7.02	7.02
6.85	6.87	6.88	6.91	6.93	6.98	7.04	7.03
6.84	6.86	6.88	6.9	6.93	6.98	7.05	7.06
6.82	6.82	6.83	6.85	6.87	6.93	6.99	7.03
6.81	6.8	6.8	6.82	6.84	6.9	6.96	7.02
6.79	6.78	6.79	6.82	6.86	6.94	7.03	7.11
6.77	6.76	6.77	6.81	6.86	6.95	7.05	7.11
6.77	6.75	6.77	6.81	6.85	6.94	7.04	7.12
6.77	6.75	6.77	6.81	6.85	6.94	7.04	7.12
6.78	6.79	6.82	6.86	6.91	6.99	7.07	7.13
6.74	6.73	6.76	6.8	6.84	6.92	7	7.08
6.78	6.78	6.8	6.82	6.86	6.93	7	7.04
6.78	6.76	6.78	6.81	6.84	6.91	6.98	7.02
6.77	6.75	6.77	6.8	6.83	6.89	6.96	7.02
6.78	6.74	6.75	6.78	6.81	6.88	6.95	7.02
6.75	6.69	6.7	6.72	6.75	6.81	6.89	6.97
6.77	6.71	6.71	6.74	6.77	6.85	6.93	7.02
6.75	6.68	6.69	6.72	6.75	6.82	6.9	6.99
6.78	6.74	6.75	6.78	6.81	6.88	6.96	7.02
6.78	6.75	6.77	6.81	6.85	6.92	7.01	7.05
6.79	6.76	6.78	6.81	6.85	6.92	7.01	7.04
6.78	6.76	6.78	6.81	6.85	6.92	7	7.05
6.74	6.69	6.71	6.75	6.79	6.87	6.97	7.04
6.71	6.66	6.68	6.72	6.76	6.84	6.95	7.03
6.68	6.63	6.65	6.7	6.74	6.83	6.93	7.01
6.69	6.65	6.67	6.7	6.74	6.82	6.92	7
6.68	6.63	6.65	6.68	6.72	6.79	6.89	6.97
6.63	6.57	6.58	6.62	6.66	6.75	6.86	6.96
6.64	6.57	6.59	6.61	6.65	6.71	6.8	6.88
6.65	6.59	6.6	6.62	6.65	6.71	6.79	6.86
6.65	6.57	6.57	6.59	6.61	6.67	6.74	6.82
6.66	6.59	6.59	6.61	6.63	6.68	6.75	6.81
6.65	6.59	6.59	6.62	6.64	6.7	6.77	6.85
6.67	6.61	6.62	6.64	6.67	6.73	6.79	6.84
6.69	6.63	6.65	6.67	6.7	6.76	6.81	6.86
6.71	6.67	6.68	6.72	6.76	6.81	6.86	6.87
6.69	6.64	6.67	6.7	6.73	6.78	6.83	6.87
6.67	6.61	6.64	6.68	6.72	6.79	6.86	6.92
6.66	6.59	6.62	6.66	6.7	6.76	6.82	6.86
6.69	6.63	6.66	6.7	6.75	6.81	6.88	6.91
6.71	6.67	6.71	6.76	6.8	6.88	6.95	6.99
6.71	6.66	6.7	6.76	6.8	6.88	6.95	7
6.72	6.68	6.72	6.77	6.82	6.9	6.98	7
6.7	6.64	6.68	6.72	6.77	6.85	6.93	6.97
6.67	6.62	6.65	6.71	6.77	6.85	6.94	7
6.64	6.58	6.61	6.67	6.72	6.81	6.91	6.98
6.67	6.6	6.64	6.69	6.73	6.81	6.9	6.97
6.66	6.59	6.62	6.67	6.71	6.78	6.86	6.93
6.65	6.57	6.6	6.64	6.68	6.75	6.82	6.88
6.65	6.57	6.59	6.64	6.68	6.75	6.83	6.91
6.63	6.55	6.58	6.63	6.68	6.75	6.83	6.9
6.64	6.57	6.6	6.65	6.7	6.77	6.84	6.92
6.61	6.53	6.56	6.61	6.66	6.73	6.81	6.87
6.63	6.56	6.59	6.64	6.68	6.74	6.81	6.86
6.63	6.55	6.58	6.63	6.67	6.74	6.8	6.86
6.6	6.51	6.54	6.58	6.63	6.69	6.77	6.86
6.56	6.47	6.49	6.54	6.58	6.66	6.75	6.84
6.49	6.38	6.41	6.46	6.51	6.59	6.67	6.77
6.48	6.38	6.4	6.44	6.48	6.56	6.64	6.74
6.45	6.34	6.36	6.41	6.46	6.54	6.63	6.72
6.39	6.28	6.3	6.36	6.41	6.49	6.58	6.7
6.32	6.2	6.21	6.25	6.29	6.36	6.44	6.59
6.31	6.19	6.2	6.23	6.26	6.33	6.41	6.56
6.3	6.17	6.17	6.2	6.22	6.28	6.34	6.48
6.33	6.21	6.21	6.23	6.26	6.31	6.37	6.49
6.33	6.23	6.23	6.26	6.28	6.33	6.38	6.48
6.26	6.15	6.15	6.17	6.19	6.23	6.29	6.42
6.19	6.05	6.04	6.05	6.06	6.1	6.14	6.29
6.19	6.05	6.05	6.07	6.08	6.12	6.17	6.29
6.12	5.96	5.95	5.96	5.98	6.01	6.06	6.22
6.15	6.02	6.03	6.06	6.09	6.14	6.21	6.35
6.07	5.92	5.93	5.96	5.99	6.04	6.11	6.28
6	5.87	5.87	5.9	5.93	5.99	6.07	6.25
5.94	5.81	5.83	5.87	5.91	5.97	6.05	6.23
5.93	5.8	5.82	5.86	5.9	5.97	6.04	6.22
5.97	5.87	5.89	5.93	5.97	6.03	6.1	6.25
5.99	5.92	5.96	6.01	6.05	6.11	6.19	6.31
5.95	5.85	5.89	5.94	5.98	6.05	6.13	6.28
5.81	5.68	5.71	5.74	5.79	5.85	5.95	6.18
5.77	5.66	5.69	5.73	5.78	5.84	5.92	6.13
5.48	5.51	5.61	5.71	5.78	5.88	6	6.21
5.35	5.38	5.48	5.58	5.64	5.76	5.9	6.15
5.27	5.27	5.36	5.44	5.5	5.62	5.77	6.03
5.33	5.34	5.42	5.5	5.57	5.7	5.85	6.11
5.37	5.38	5.47	5.55	5.62	5.75	5.9	6.13
5.39	5.42	5.53	5.62	5.7	5.82	5.96	6.17
5.48	5.54	5.66	5.77	5.85	5.98	6.12	6.34
5.47	5.53	5.65	5.76	5.84	5.97	6.13	6.36
5.49	5.55	5.66	5.75	5.82	5.95	6.08	6.29
5.33	5.38	5.49	5.59	5.66	5.81	5.96	6.21
5.27	5.34	5.49	5.6	5.7	5.85	6.01	6.26
5.29	5.41	5.57	5.7	5.81	5.96	6.13	6.34
5.26	5.36	5.52	5.65	5.75	5.91	6.08	6.35
5.36	5.47	5.63	5.75	5.85	6	6.17	6.43
5.42	5.53	5.69	5.82	5.91	6.05	6.22	6.47
5.32	5.43	5.59	5.71	5.81	5.96	6.13	6.38
5.26	5.4	5.55	5.68	5.78	5.93	6.11	6.4
5.2	5.31	5.48	5.61	5.72	5.88	6.05	6.36
5.17	5.3	5.46	5.59	5.7	5.85	6.01	6.27
5.1	5.16	5.31	5.43	5.52	5.69	5.86	6.15
5.19	5.29	5.43	5.55	5.63	5.8	5.95	6.24
5.18	5.29	5.44	5.56	5.65	5.82	5.97	6.25
5.22	5.35	5.5	5.63	5.74	5.9	6.05	6.31
5.19	5.31	5.47	5.59	5.69	5.85	6.01	6.26
5.23	5.37	5.54	5.67	5.77	5.93	6.08	6.34
5.18	5.29	5.45	5.58	5.68	5.83	5.98	6.25
5.16	5.27	5.42	5.54	5.64	5.81	5.96	6.26
5.17	5.29	5.44	5.55	5.65	5.81	5.96	6.25
5.23	5.35	5.5	5.63	5.72	5.88	6.02	6.29
5.33	5.49	5.64	5.78	5.88	6.02	6.17	6.41
5.23	5.37	5.53	5.66	5.76	5.92	6.09	6.36
5.21	5.34	5.5	5.63	5.74	5.9	6.06	6.34
5.16	5.29	5.46	5.6	5.71	5.88	6.04	6.32
5.12	5.26	5.45	5.6	5.71	5.89	6.07	6.35
5.06	5.21	5.4	5.56	5.69	5.88	6.07	6.37
4.97	5.15	5.36	5.53	5.66	5.86	6.07	6.36
4.89	5.06	5.25	5.4	5.52	5.7	5.87	6.2
4.94	5.08	5.27	5.41	5.51	5.69	5.84	6.17
4.91	5.05	5.22	5.35	5.46	5.62	5.76	6.07
4.93	5.07	5.26	5.39	5.5	5.66	5.8	6.1
4.96	5.13	5.32	5.46	5.58	5.74	5.9	6.19
4.96	5.13	5.32	5.47	5.59	5.75	5.9	6.16
4.92	5.09	5.28	5.43	5.54	5.71	5.87	6.15
4.86	5.01	5.21	5.35	5.47	5.64	5.79	6.07
4.91	5.08	5.27	5.42	5.54	5.71	5.85	6.11
4.89	5.05	5.26	5.41	5.53	5.71	5.86	6.12
4.88	5.05	5.27	5.43	5.56	5.74	5.9	6.18
4.8	4.99	5.2	5.37	5.5	5.69	5.86	6.14
4.72	4.9	5.12	5.29	5.42	5.62	5.8	6.12
4.65	4.83	5.06	5.22	5.34	5.53	5.7	6.06
4.7	4.9	5.12	5.28	5.4	5.59	5.76	6.09
4.73	4.93	5.15	5.31	5.43	5.62	5.79	6.11
4.61	4.79	5.01	5.18	5.31	5.5	5.69	6.06
4.56	4.73	4.95	5.13	5.25	5.45	5.65	6.01
4.6	4.78	5.01	5.18	5.32	5.52	5.71	6.08
4.66	4.84	5.08	5.26	5.4	5.61	5.8	6.16
4.71	4.93	5.17	5.35	5.5	5.72	5.9	6.24
4.71	4.93	5.17	5.36	5.5	5.72	5.91	6.27
4.69	4.92	5.17	5.36	5.51	5.74	5.93	6.31
4.6	4.8	5.07	5.27	5.42	5.65	5.86	6.28
4.64	4.86	5.13	5.32	5.47	5.7	5.91	6.31
4.6	4.81	5.08	5.27	5.43	5.66	5.89	6.31
4.56	4.78	5.05	5.25	5.4	5.63	5.87	6.31
4.55	4.78	5.06	5.25	5.41	5.64	5.87	6.31
4.49	4.71	4.98	5.18	5.33	5.56	5.8	6.27
4.48	4.7	4.98	5.18	5.34	5.58	5.83	6.29
4.53	4.76	5.03	5.24	5.4	5.66	5.9	6.37
4.65	4.9	5.19	5.39	5.55	5.79	6.01	6.4
4.62	4.87	5.16	5.36	5.52	5.76	6.01	6.41
4.7	4.97	5.27	5.47	5.64	5.86	6.08	6.42
4.76	5.03	5.32	5.52	5.67	5.91	6.13	6.48
4.62	4.94	5.23	5.47	5.64	5.89	6.14	6.5
4.42	4.77	5.1	5.32	5.5	5.76	6.03	6.45
4.4	4.77	5.12	5.35	5.53	5.79	6.06	6.48
4.34	4.73	5.07	5.3	5.48	5.76	6.03	6.49
4.35	4.74	5.09	5.33	5.51	5.79	6.07	6.52
4.34	4.73	5.07	5.31	5.49	5.78	6.05	6.49
4.37	4.77	5.11	5.35	5.52	5.8	6.06	6.47
4.4	4.8	5.14	5.38	5.56	5.83	6.09	6.5
4.47	4.88	5.22	5.46	5.64	5.9	6.16	6.52
4.41	4.83	5.18	5.42	5.6	5.86	6.12	6.48
4.39	4.82	5.16	5.4	5.58	5.84	6.09	6.46
4.39	4.8	5.13	5.35	5.51	5.76	6	6.36
4.28	4.68	5.02	5.24	5.42	5.68	5.95	6.37
4.26	4.68	5.04	5.29	5.48	5.73	6	6.39
4.19	4.61	4.98	5.23	5.42	5.69	5.97	6.37
4.18	4.61	4.99	5.25	5.44	5.71	5.99	6.38
4.22	4.66	5.03	5.28	5.47	5.73	5.99	6.39
4.31	4.79	5.2	5.47	5.67	5.93	6.21	6.56
4.31	4.81	5.23	5.5	5.7	5.97	6.24	6.58
4.33	4.86	5.28	5.55	5.75	6.02	6.27	6.58
4.22	4.77	5.22	5.51	5.73	6.02	6.29	6.59
4.29	4.84	5.27	5.55	5.74	6.01	6.25	6.52
4.34	4.9	5.29	5.54	5.71	5.95	6.16	6.46
4.36	4.92	5.31	5.56	5.74	5.98	6.2	6.51
4.33	4.88	5.28	5.52	5.69	5.93	6.14	6.47
4.31	4.85	5.25	5.5	5.68	5.93	6.16	6.49
4.27	4.81	5.22	5.49	5.67	5.93	6.18	6.54
4.3	4.89	5.31	5.58	5.77	6.03	6.28	6.57
4.25	4.85	5.28	5.56	5.75	6.02	6.27	6.57
4.26	4.88	5.32	5.6	5.8	6.07	6.31	6.61
4.21	4.79	5.22	5.5	5.7	5.96	6.21	6.55
4.15	4.71	5.15	5.43	5.63	5.89	6.12	6.44
4.19	4.76	5.18	5.46	5.65	5.9	6.11	6.42
4.17	4.72	5.14	5.41	5.6	5.85	6.06	6.4
4.18	4.73	5.16	5.42	5.61	5.85	6.06	6.4
4.15	4.7	5.12	5.4	5.59	5.84	6.05	6.42
4.15	4.72	5.16	5.44	5.64	5.89	6.11	6.46
4.12	4.7	5.14	5.43	5.62	5.87	6.09	6.43
4.11	4.67	5.09	5.37	5.57	5.82	6.04	6.4
4.12	4.68	5.11	5.39	5.59	5.85	6.06	6.4
4.04	4.58	5.01	5.3	5.5	5.77	6.01	6.36
4.02	4.56	5.01	5.31	5.52	5.81	6.06	6.43
3.97	4.54	5.01	5.32	5.54	5.83	6.08	6.44
3.97	4.57	5.05	5.36	5.59	5.89	6.14	6.49
3.95	4.53	5	5.32	5.54	5.83	6.08	6.45
3.93	4.51	4.97	5.28	5.49	5.78	6.02	6.38
3.94	4.52	4.98	5.28	5.48	5.76	6	6.35
3.91	4.48	4.94	5.25	5.46	5.74	5.98	6.34
3.95	4.54	4.99	5.3	5.51	5.79	6.02	6.37
3.93	4.52	5	5.32	5.54	5.83	6.06	6.39
4.12	4.71	5.16	5.45	5.65	5.9	6.09	6.37
4.23	4.88	5.35	5.64	5.85	6.1	6.31	6.56
4.18	4.81	5.28	5.58	5.79	6.05	6.27	6.55
4.17	4.8	5.26	5.56	5.77	6.03	6.25	6.54
4.17	4.81	5.29	5.59	5.79	6.05	6.26	6.54
4.11	4.74	5.22	5.53	5.74	6.01	6.24	6.53
4.08	4.72	5.2	5.51	5.73	5.99	6.21	6.5
4.06	4.66	5.14	5.45	5.67	5.93	6.16	6.48
3.99	4.61	5.09	5.41	5.62	5.89	6.12	6.45
4.03	4.66	5.14	5.45	5.65	5.92	6.14	6.47
4.04	4.67	5.14	5.44	5.65	5.91	6.12	6.43
4.04	4.65	5.12	5.41	5.61	5.86	6.07	6.39
4.03	4.64	5.09	5.39	5.58	5.84	6.04	6.37
3.95	4.53	5	5.3	5.51	5.77	5.99	6.31
3.93	4.51	4.97	5.27	5.48	5.73	5.94	6.28
3.9	4.49	4.96	5.27	5.48	5.73	5.93	6.28
3.91	4.49	4.96	5.26	5.46	5.72	5.93	6.28
3.91	4.48	4.95	5.25	5.46	5.71	5.92	6.26
3.92	4.49	4.95	5.26	5.47	5.73	5.94	6.28
3.9	4.46	4.92	5.24	5.47	5.75	5.97	6.32
3.86	4.38	4.84	5.17	5.41	5.68	5.9	6.26
3.84	4.38	4.84	5.16	5.39	5.68	5.91	6.27
3.82	4.32	4.78	5.1	5.32	5.61	5.85	6.24
3.83	4.35	4.81	5.13	5.36	5.65	5.88	6.25
3.84	4.39	4.85	5.17	5.4	5.68	5.91	6.28
3.85	4.44	4.91	5.23	5.47	5.76	5.98	6.32
3.83	4.4	4.88	5.22	5.46	5.75	5.98	6.34
3.83	4.4	4.88	5.21	5.45	5.73	5.96	6.31
3.82	4.37	4.85	5.19	5.43	5.72	5.96	6.31
3.73	4.26	4.73	5.06	5.3	5.58	5.82	6.19
3.7	4.24	4.73	5.07	5.31	5.6	5.83	6.19
3.69	4.2	4.68	5.01	5.24	5.54	5.78	6.16
3.71	4.25	4.72	5.05	5.28	5.57	5.81	6.2
3.77	4.32	4.78	5.09	5.32	5.6	5.82	6.2
3.76	4.31	4.77	5.1	5.32	5.59	5.81	6.2
3.68	4.22	4.69	5	5.22	5.5	5.73	6.14
3.71	4.26	4.73	5.05	5.27	5.55	5.77	6.17
3.72	4.28	4.75	5.06	5.28	5.55	5.77	6.15
3.68	4.24	4.71	5.03	5.25	5.54	5.77	6.16
3.68	4.24	4.7	5.01	5.22	5.5	5.74	6.11
3.72	4.28	4.75	5.05	5.26	5.55	5.79	6.14
3.72	4.28	4.74	5.04	5.25	5.54	5.77	6.14
3.65	4.19	4.65	4.95	5.16	5.44	5.68	6.09
3.61	4.14	4.6	4.9	5.11	5.38	5.6	6.02
3.59	4.1	4.56	4.87	5.08	5.35	5.57	6
3.59	4.12	4.59	4.92	5.14	5.42	5.66	6.05
3.74	4.29	4.74	5.05	5.28	5.55	5.79	6.13
3.73	4.27	4.73	5.04	5.27	5.55	5.78	6.13
3.66	4.19	4.65	4.96	5.19	5.48	5.72	6.09
3.5	4.01	4.47	4.78	5.02	5.31	5.56	5.98
3.47	4.02	4.49	4.82	5.06	5.36	5.62	6.05
3.06	3.62	4.14	4.51	4.75	5.13	5.45	6.04
3.01	3.61	4.14	4.5	4.76	5.13	5.42	6
2.93	3.63	4.18	4.55	4.82	5.2	5.51	6.1
2.78	3.47	4.02	4.41	4.69	5.1	5.45	6.09
2.76	3.48	4.03	4.41	4.68	5.09	5.44	6.06
2.73	3.46	4.01	4.37	4.64	5.04	5.41	6.09
2.76	3.48	4.02	4.4	4.67	5.07	5.43	6.09
2.68	3.39	3.94	4.3	4.58	4.99	5.36	6.02
2.69	3.4	3.96	4.33	4.61	5.02	5.37	6.03
2.63	3.29	3.84	4.22	4.5	4.91	5.26	5.94
2.71	3.36	3.89	4.26	4.62	4.9	5.23	5.88
2.68	3.35	3.89	4.27	4.54	4.92	5.25	5.92
2.66	3.33	3.87	4.25	4.53	4.89	5.21	5.84
2.55	3.21	3.77	4.17	4.44	4.82	5.15	5.75
2.56	3.23	3.81	4.2	4.47	4.83	5.15	5.79
2.5	3.17	3.77	4.17	4.46	4.84	5.17	5.79
2.52	3.2	3.8	4.21	4.51	4.92	5.26	5.87
2.56	3.25	3.85	4.26	4.56	4.96	5.31	5.89
2.61	3.32	3.91	4.32	4.62	5.02	5.36	5.92
2.62	3.33	3.94	4.35	4.65	5.06	5.39	5.95
2.57	3.28	3.88	4.3	4.6	5	5.34	5.94
2.54	3.24	3.83	4.23	4.53	4.93	5.26	5.88
2.58	3.26	3.85	4.25	4.53	4.93	5.27	5.87
2.55	3.26	3.85	4.24	4.53	4.92	5.25	5.84
2.5	3.19	3.79	4.2	4.49	4.9	5.24	5.84
2.53	3.23	3.82	4.23	4.53	4.93	5.27	5.85
2.54	3.26	3.86	4.28	4.58	4.99	5.32	5.9
2.51	3.22	3.83	4.25	4.55	4.96	5.29	5.86
2.41	3.09	3.71	4.14	4.45	4.87	5.21	5.81
2.41	3.09	3.72	4.16	4.48	4.89	5.23	5.84
2.37	3.03	3.65	4.09	4.39	4.8	5.14	5.75
2.28	2.93	3.54	3.99	4.31	4.73	5.09	5.73
2.32	2.98	3.59	4.04	4.35	4.76	5.08	5.6
2.32	2.9	3.47	3.87	4.17	4.52	4.78	5.35
2.28	2.92	3.52	3.95	4.27	4.65	4.97	5.54
2.25	2.9	3.52	3.97	4.28	4.67	5	5.56
2.26	2.93	3.53	3.96	4.25	4.62	4.92	5.47
2.08	2.72	3.33	3.77	4.07	4.47	4.8	5.42
2.13	2.78	3.4	3.83	4.13	4.53	4.86	5.46
2.15	2.82	3.44	3.87	4.17	4.56	4.87	5.46
2.2	2.91	3.53	3.97	4.27	4.66	4.97	5.51
2.26	3.01	3.63	4.05	4.34	4.72	5.01	5.54
2.45	3.26	3.87	4.28	4.57	4.92	5.21	5.69
2.58	3.45	4.09	4.5	4.78	5.14	5.43	5.87
2.54	3.39	4.05	4.48	4.79	5.16	5.44	5.86
2.49	3.32	3.98	4.42	4.73	5.12	5.43	5.88
2.63	3.54	4.21	4.67	4.98	5.35	5.66	6.06
2.67	3.58	4.25	4.68	4.98	5.35	5.64	6.02
2.62	3.54	4.21	4.64	4.93	5.29	5.57	5.98
2.74	3.73	4.4	4.83	5.11	5.47	5.75	6.12
2.48	3.42	4.12	4.58	4.88	5.25	5.56	6.03
2.49	3.49	4.2	4.65	4.95	5.33	5.63	6.07
2.38	3.34	4.04	4.48	4.77	5.16	5.46	5.94
2.35	3.31	4	4.43	4.73	5.12	5.44	5.96
2.35	3.29	3.95	4.38	4.66	5.04	5.35	5.87
2.52	3.51	4.2	4.62	4.91	5.28	5.59	6.04
2.58	3.61	4.3	4.73	5.01	5.38	5.68	6.13
2.54	3.65	4.42	4.88	5.21	5.59	5.92	6.34
2.42	3.57	4.34	4.82	5.16	5.55	5.88	6.28
2.37	3.49	4.27	4.76	5.09	5.49	5.82	6.23
2.28	3.35	4.13	4.62	4.96	5.38	5.73	6.17
2.38	3.47	4.23	4.71	5.03	5.42	5.75	6.14
2.45	3.59	4.36	4.83	5.15	5.54	5.88	6.25
2.5	3.72	4.54	5.05	5.4	5.79	6.12	6.43
2.42	3.6	4.42	4.92	5.25	5.66	5.99	6.32
2.39	3.54	4.34	4.83	5.15	5.54	5.85	6.2
2.43	3.58	4.38	4.86	5.17	5.56	5.86	6.18
2.44	3.61	4.42	4.88	5.19	5.57	5.87	6.2
2.47	3.64	4.45	4.93	5.24	5.62	5.92	6.23
2.51	3.7	4.51	4.98	5.3	5.68	5.98	6.28
2.49	3.7	4.51	4.98	5.29	5.67	5.96	6.28
2.48	3.66	4.47	4.93	5.23	5.61	5.93	6.31
2.44	3.57	4.37	4.83	5.14	5.52	5.83	6.24
2.46	3.62	4.4	4.86	5.17	5.53	5.84	6.2
2.45	3.62	4.41	4.88	5.19	5.57	5.88	6.24
2.47	3.64	4.44	4.91	5.23	5.6	5.91	6.28
2.42	3.52	4.3	4.77	5.08	5.47	5.8	6.18
2.37	3.44	4.22	4.7	5.01	5.41	5.76	6.15
2.4	3.49	4.27	4.76	5.08	5.47	5.82	6.2
2.36	3.37	4.14	4.63	4.96	5.36	5.72	6.11
2.33	3.34	4.09	4.57	4.88	5.29	5.63	6.03
2.13	3.1	3.87	4.35	4.69	5.1	5.46	5.93
2.15	3.19	3.96	4.45	4.78	5.19	5.54	5.99
2.15	3.15	3.9	4.39	4.72	5.12	5.48	5.95
2.26	3.28	4.04	4.53	4.85	5.25	5.6	6.04
2.29	3.35	4.11	4.61	4.93	5.33	5.67	6.08
2.35	3.37	4.12	4.6	4.92	5.31	5.65	6.06
2.36	3.37	4.11	4.58	4.91	5.3	5.62	6.05
2.45	3.47	4.21	4.69	5.01	5.4	5.73	6.11
2.52	3.57	4.31	4.78	5.09	5.48	5.79	6.16
2.52	3.56	4.3	4.77	5.1	5.49	5.8	6.16
2.49	3.51	4.24	4.71	5.04	5.44	5.77	6.15
2.44	3.43	4.15	4.63	4.97	5.37	5.71	6.11
2.49	3.47	4.17	4.65	4.98	5.38	5.71	6.11
2.51	3.5	4.21	4.67	4.99	5.39	5.71	6.12
2.44	3.4	4.11	4.58	4.9	5.31	5.65	6.09
2.41	3.38	4.08	4.55	4.88	5.29	5.64	6.09
2.4	3.34	4.05	4.53	4.86	5.28	5.63	6.08
2.42	3.38	4.1	4.59	4.94	5.35	5.71	6.14
2.39	3.33	4.04	4.53	4.87	5.29	5.65	6.11
2.41	3.34	4.05	4.53	4.88	5.31	5.66	6.12
2.41	3.34	4.04	4.51	4.86	5.28	5.63	6.09
2.5	3.46	4.16	4.63	4.97	5.39	5.74	6.17
2.53	3.49	4.18	4.64	4.96	5.37	5.7	6.13
2.46	3.38	4.07	4.53	4.85	5.26	5.59	6.05
2.45	3.36	4.04	4.5	4.84	5.25	5.59	6.05
2.45	3.36	4.04	4.5	4.82	5.25	5.59	6.05
2.46	3.38	4.05	4.51	4.83	5.24	5.58	6.04
2.45	3.35	4.03	4.47	4.78	5.2	5.55	6.01
2.48	3.39	4.07	4.51	4.83	5.24	5.57	6.04
2.47	3.4	4.06	4.51	4.82	5.24	5.57	6.03
2.46	3.41	4.07	4.51	4.82	5.24	5.59	6.05
2.48	3.43	4.08	4.5	4.8	5.2	5.54	6.01
2.56	3.55	4.19	4.61	4.91	5.31	5.63	6.08
2.63	3.65	4.27	4.69	4.98	5.38	5.7	6.13
2.66	3.69	4.31	4.71	5	5.4	5.73	6.12
2.61	3.64	4.27	4.68	4.98	5.38	5.71	6.13
2.74	3.78	4.41	4.83	5.13	5.53	5.87	6.25
2.84	3.92	4.55	4.97	5.26	5.65	5.98	6.31
2.88	3.97	4.6	5.01	5.3	5.68	5.99	6.32
2.86	3.94	4.57	4.98	5.26	5.66	5.98	6.32
2.85	3.94	4.56	4.97	5.26	5.66	5.99	6.35
2.89	3.97	4.61	5.03	5.33	5.72	6.05	6.4
2.96	4.08	4.72	5.12	5.41	5.79	6.09	6.42
2.95	4.04	4.66	5.06	5.33	5.69	5.99	6.33
2.95	4.05	4.67	5.06	5.33	5.7	5.99	6.33
2.96	4.07	4.7	5.1	5.38	5.74	6.03	6.38
3.08	4.2	4.82	5.21	5.48	5.84	6.13	6.45
3.06	4.16	4.77	5.15	5.42	5.77	6.05	6.37
3.09	4.2	4.81	5.19	5.45	5.8	6.09	6.41
3.04	4.11	4.72	5.1	5.36	5.71	6	6.32
3.03	4.09	4.69	5.07	5.33	5.69	5.97	6.3
3.06	4.13	4.73	5.12	5.4	5.77	6.06	6.39
3.06	4.14	4.75	5.15	5.43	5.8	6.09	6.41
3.04	4.11	4.72	5.12	5.41	5.78	6.08	6.41
2.96	3.99	4.58	4.97	5.25	5.63	5.94	6.29
2.94	3.96	4.55	4.94	5.22	5.58	5.89	6.27
2.9	3.94	4.52	4.91	5.19	5.56	5.88	6.25
2.83	3.88	4.48	4.88	5.16	5.54	5.85	6.24
2.86	3.93	4.53	4.93	5.21	5.58	5.89	6.26
2.84	3.88	4.49	4.89	5.17	5.55	5.86	6.24
2.83	3.86	4.45	4.86	5.14	5.53	5.85	6.24
2.79	3.83	4.45	4.85	5.13	5.51	5.84	6.24
2.77	3.81	4.42	4.82	5.11	5.49	5.81	6.22
2.85	3.89	4.5	4.9	5.17	5.56	5.88	6.25
2.74	3.79	4.42	4.82	5.1	5.5	5.85	6.23
2.71	3.79	4.42	4.83	5.12	5.52	5.85	6.26
2.73	3.8	4.43	4.83	5.11	5.51	5.84	6.22
2.72	3.78	4.4	4.81	5.09	5.48	5.81	6.2
2.74	3.78	4.39	4.78	5.06	5.44	5.76	6.15
2.73	3.75	4.35	4.75	5.02	5.41	5.72	6.15
2.66	3.66	4.26	4.65	4.93	5.33	5.66	6.1
2.64	3.64	4.25	4.64	4.93	5.33	5.65	6.12
2.65	3.65	4.26	4.66	4.94	5.35	5.67	6.14
2.66	3.65	4.25	4.65	4.94	5.33	5.64	6.1
2.62	3.58	4.19	4.59	4.88	5.27	5.51	6.05
2.69	3.67	4.27	4.67	4.96	5.35	5.66	6.12
2.61	3.58	4.19	4.6	4.9	5.29	5.61	6.08
2.61	3.61	4.22	4.63	4.93	5.32	5.64	6.1
2.57	3.58	4.2	4.62	4.92	5.31	5.62	6.09
2.6	3.62	4.26	4.67	4.97	5.37	5.69	6.16
2.68	3.72	4.35	4.76	5.05	5.45	5.78	6.23
2.64	3.67	4.29	4.69	4.99	5.4	5.74	6.21
2.61	3.63	4.25	4.66	4.96	5.38	5.74	6.21
2.75	3.8	4.42	4.82	5.1	5.52	5.86	6.31
2.76	3.79	4.38	4.78	5.07	5.47	5.81	6.28
2.69	3.71	4.31	4.71	5	5.4	5.76	6.26
2.73	3.76	4.35	4.74	5.02	5.42	5.76	6.27
2.7	3.71	4.29	4.68	4.96	5.36	5.72	6.23
2.66	3.65	4.22	4.61	4.9	5.3	5.66	6.17
2.62	3.59	4.17	4.55	4.84	5.25	5.62	6.13
2.66	3.63	4.2	4.58	4.86	5.26	5.62	6.14
2.67	3.64	4.22	4.59	4.88	5.28	5.64	6.17
2.69	3.66	4.24	4.61	4.89	5.29	5.64	6.16
2.65	3.62	4.2	4.57	4.84	5.24	5.6	6.13
2.63	3.59	4.15	4.53	4.8	5.2	5.54	6.11
2.65	3.59	4.16	4.54	4.82	5.22	5.57	6.13
2.65	3.6	4.16	4.54	4.83	5.23	5.58	6.13
2.58	3.5	4.06	4.45	4.73	5.13	5.48	6.06
2.6	3.54	4.11	4.5	4.78	5.19	5.55	6.13
2.61	3.55	4.11	4.49	4.78	5.19	5.55	6.13
2.57	3.52	4.1	4.48	4.77	5.18	5.55	6.12
2.59	3.57	4.14	4.53	4.82	5.23	5.61	6.16
2.58	3.57	4.14	4.52	4.81	5.22	5.58	6.13
2.52	3.47	4.05	4.44	4.73	5.14	5.52	6.06
2.46	3.42	3.99	4.37	4.65	5.06	5.43	6.01
2.4	3.33	3.91	4.29	4.57	4.98	5.35	5.92
2.44	3.38	3.96	4.35	4.64	5.04	5.41	5.98
2.41	3.34	3.93	4.32	4.62	5.03	5.41	5.99
2.36	3.26	3.84	4.24	4.53	4.95	5.33	5.92
2.34	3.23	3.81	4.2	4.48	4.9	5.25	5.88
2.39	3.3	3.89	4.27	4.55	4.95	5.3	5.91
2.33	3.24	3.83	4.22	4.5	4.91	5.28	5.9
2.36	3.32	3.93	4.33	4.63	5.03	5.4	5.99
2.21	3.11	3.73	4.15	4.45	4.85	5.22	5.86
2.28	3.2	3.82	4.23	4.52	4.92	5.29	5.94
2.32	3.29	3.93	4.33	4.62	5.02	5.38	6.02
2.31	3.27	3.9	4.3	4.59	5.01	5.38	6.03
2.26	3.16	3.78	4.19	4.49	4.91	5.3	5.95
2.24	3.11	3.73	4.14	4.44	4.87	5.26	5.93
2.32	3.24	3.85	4.26	4.57	4.99	5.37	5.99
2.3	3.22	3.83	4.25	4.56	4.99	5.38	6.01
2.27	3.17	3.79	4.2	4.52	4.96	5.36	5.99
2.22	3.06	3.67	4.09	4.41	4.85	5.26	5.9
2.16	2.93	3.53	3.95	4.27	4.71	5.11	5.79
2.15	2.95	3.56	3.99	4.31	4.75	5.15	5.82
2.1	2.87	3.48	3.91	4.24	4.68	5.08	5.78
2.15	2.96	3.59	4.03	4.36	4.81	5.2	5.89
2.19	3.02	3.65	4.08	4.41	4.85	5.26	5.93
2.17	2.97	3.59	4.02	4.35	4.8	5.21	5.9
2.12	2.88	3.5	3.92	4.25	4.7	5.1	5.81
2.09	2.84	3.44	3.86	4.18	4.64	5.05	5.78
2.07	2.81	3.4	3.82	4.14	4.6	5.02	5.77
1.96	2.65	3.25	3.68	4	4.47	4.9	5.71
2.02	2.74	3.33	3.77	4.1	4.58	5.01	5.8
1.98	2.67	3.29	3.74	4.07	4.57	5.04	5.83
2.03	2.75	3.36	3.81	4.15	4.65	5.1	5.87
2.07	2.81	3.43	3.89	4.24	4.73	5.18	5.89
2.03	2.73	3.37	3.83	4.17	4.68	5.14	5.86
1.93	2.58	3.22	3.69	4.04	4.56	5.04	5.81
1.9	2.54	3.17	3.64	4	4.52	5	5.77
1.81	2.4	3.03	3.51	3.87	4.41	4.89	5.69
1.84	2.46	3.09	3.58	3.95	4.48	4.95	5.73
1.77	2.4	3.04	3.52	3.88	4.43	4.91	5.69
1.8	2.44	3.06	3.53	3.9	4.44	4.92	5.69
1.85	2.49	3.08	3.53	3.88	4.41	4.86	5.63
1.86	2.5	3.07	3.49	3.83	4.33	4.76	5.54
1.85	2.47	3.03	3.46	3.79	4.3	4.73	5.51
1.77	2.35	2.89	3.31	3.64	4.13	4.56	5.3
1.96	2.6	3.15	3.57	3.91	4.37	4.75	5.43
1.95	2.61	3.18	3.61	3.95	4.42	4.84	5.5
1.96	2.64	3.21	3.64	4	4.47	4.9	5.53
1.9	2.54	3.1	3.54	3.89	4.37	4.8	5.48
1.9	2.52	3.06	3.49	3.83	4.31	4.73	5.42
1.95	2.55	3.09	3.53	3.88	4.37	4.81	5.51
1.95	2.54	3.08	3.51	3.85	4.35	4.79	5.49
1.94	2.51	3.03	3.46	4.07	4.46	4.73	5.43
2	2.6	3.11	3.51	3.85	4.34	4.77	5.45
1.98	2.56	3.07	3.49	3.83	4.32	4.74	5.43
1.92	2.46	2.96	3.38	3.74	4.23	4.67	5.38
1.96	2.51	3	3.41	3.75	4.25	4.68	5.37
1.82	2.34	2.82	3.22	3.56	4.06	4.51	5.25
1.81	2.31	2.81	3.2	3.53	4.04	4.49	5.23
1.81	2.33	2.83	3.22	3.55	4.05	4.51	5.24
1.86	2.38	2.86	3.25	3.56	4.07	4.53	5.24
1.89	2.41	2.91	3.3	3.62	4.12	4.57	5.27
1.97	2.54	3.02	3.4	3.71	4.2	4.64	5.33
2.02	2.59	3.07	3.44	3.74	4.23	4.65	5.35
1.94	2.48	2.95	3.32	3.61	4.1	4.54	5.25
1.93	2.45	2.9	3.25	3.55	4.04	4.48	5.19
1.93	2.43	2.87	3.22	3.51	3.99	4.43	5.16
1.96	2.47	2.91	3.25	3.54	4.01	4.43	5.16
1.9	2.39	2.83	3.17	3.47	3.94	4.39	5.15
1.86	2.34	2.77	3.12	3.41	3.89	4.33	5.12
1.85	2.35	2.79	3.14	3.43	3.91	4.36	5.15
1.81	2.33	2.76	3.1	3.38	3.86	4.31	5.13
1.78	2.3	2.74	3.08	3.36	3.84	4.3	5.11
1.79	2.32	2.76	3.1	3.38	3.86	4.32	5.12
1.84	2.38	2.85	3.21	3.51	4	4.45	5.22
1.8	2.31	2.78	3.13	3.43	3.92	4.38	5.16
1.66	2.12	2.58	2.95	3.26	3.77	4.26	5.08
1.67	2.15	2.62	2.99	3.31	3.83	4.32	5.16
1.71	2.18	2.66	3.03	3.35	3.86	4.33	5.15
1.7	2.18	2.65	3.03	3.34	3.85	4.33	5.16
1.77	2.23	2.71	3.08	3.4	3.9	4.36	5.2
1.73	2.18	2.63	3	3.32	3.83	4.3	5.14
1.76	2.19	2.63	2.99	3.29	3.8	4.27	5.12
1.75	2.19	2.63	3	3.31	3.81	4.26	5.1
1.75	2.17	2.63	3	3.32	3.83	4.31	5.17
1.8	2.22	2.66	3.04	3.36	3.89	4.39	5.2
1.92	2.38	2.83	3.22	3.55	4.08	4.56	5.34
1.94	2.44	2.92	3.32	3.67	4.18	4.66	5.43
1.98	2.52	3.02	3.42	3.77	4.28	4.76	5.5
1.99	2.58	3.1	3.52	3.87	4.39	4.86	5.61
1.98	2.56	3.06	3.47	3.8	4.32	4.79	5.53
2.02	2.63	3.15	3.54	3.88	4.39	4.87	5.61
1.96	2.56	3.08	3.49	3.82	4.34	4.83	5.6
1.95	2.54	3.08	3.5	3.84	4.35	4.85	5.61
1.88	2.42	2.95	3.35	3.68	4.2	4.69	5.5
1.74	2.28	2.81	3.22	3.57	4.12	4.64	5.48
1.65	2.13	2.65	3.05	3.38	3.93	4.46	5.35
1.67	2.19	2.71	3.12	3.46	4.01	4.55	5.43
1.62	2.11	2.62	3.04	3.38	3.94	4.51	5.43
1.64	2.17	2.69	3.11	3.46	4.04	4.59	5.49
1.64	2.18	2.72	3.15	3.51	4.07	4.62	5.48
1.63	2.19	2.73	3.17	3.53	4.08	4.62	5.48
1.63	2.2	2.74	3.17	3.54	4.08	4.62	5.51
1.56	2.18	2.69	3.07	3.38	3.9	4.4	5.3
1.56	2.16	2.66	3.02	3.33	3.82	4.31	5.2
1.54	2.12	2.62	3	3.3	3.81	4.29	5.16
1.55	2.1	2.61	3	3.32	3.84	4.36	5.24
1.6	2.19	2.7	3.1	3.42	3.95	4.46	5.33
1.65	2.28	2.82	3.22	3.55	4.07	4.57	5.39
1.65	2.28	2.81	3.2	3.53	4.04	4.54	5.35
1.62	2.22	2.73	3.11	3.43	3.93	4.41	5.24
1.62	2.23	2.74	3.13	3.45	3.95	4.42	5.24
1.72	2.41	2.95	3.36	3.7	4.18	4.66	5.44
1.72	2.43	2.98	3.37	3.69	4.18	4.65	5.44
1.72	2.43	2.98	3.37	3.69	4.18	4.64	5.43
1.65	2.34	2.9	3.3	3.61	4.09	4.56	5.38
1.73	2.45	3.02	3.43	3.75	4.23	4.69	5.48
1.7	2.44	3.02	3.43	3.75	4.24	4.71	5.48
1.7	2.43	3.03	3.43	3.75	4.24	4.7	5.46
1.7	2.43	3.02	3.42	3.74	4.22	4.67	5.44
1.68	2.39	2.97	3.37	3.69	4.18	4.63	5.41
1.67	2.34	2.91	3.33	3.64	4.14	4.6	5.4
1.62	2.27	2.84	3.25	3.58	4.08	4.56	5.39
1.6	2.22	2.78	3.19	3.52	4.03	4.51	5.34
1.6	2.22	2.77	3.17	3.49	4.01	4.49	5.31
1.59	2.21	2.75	3.15	3.46	3.98	4.47	5.27
1.59	2.2	2.75	3.16	3.48	4	4.48	5.28
1.57	2.18	2.73	3.15	3.48	4	4.5	5.29
1.59	2.22	2.77	3.18	3.52	4.04	4.54	5.34
1.58	2.22	2.78	3.2	3.54	4.07	4.57	5.39
1.53	2.12	2.69	3.11	3.45	3.99	4.5	5.36
1.52	2.11	2.66	3.07	3.4	3.93	4.45	5.32
1.53	2.11	2.66	3.07	3.4	3.92	4.43	5.28
1.55	2.13	2.68	3.08	3.41	3.94	4.45	5.29
1.49	2.03	2.57	2.99	3.33	3.85	4.37	5.23
1.5	2.03	2.58	3	3.35	3.88	4.39	5.25
1.45	1.96	2.5	2.92	3.27	3.8	4.32	5.2
1.45	1.91	2.44	2.85	3.19	3.73	4.26	5.16
1.42	1.88	2.39	2.81	3.14	3.68	4.22	5.08
1.54	2.1	2.64	3.07	3.43	3.96	4.48	5.33
1.54	2.11	2.65	3.09	3.45	3.99	4.5	5.34
1.56	2.15	2.69	3.13	3.49	4.02	4.52	5.35
1.52	2.08	2.63	3.07	3.44	3.96	4.45	5.3
1.5	2.02	2.57	3.01	3.37	3.9	4.4	5.28
1.54	2.12	2.71	3.19	3.57	4.09	4.58	5.42
1.53	2.15	2.76	3.24	3.63	4.15	4.63	5.45
1.51	2.11	2.72	3.19	3.57	4.09	4.59	5.41
1.49	2.08	2.67	3.13	3.5	4.04	4.54	5.37
1.48	2.03	2.62	3.09	3.46	4	4.5	5.35
1.49	2.08	2.68	3.14	3.51	4.04	4.55	5.36
1.45	2	2.58	3.03	3.4	3.93	4.45	5.3
1.45	2	2.57	3.03	3.4	3.93	4.45	5.28
1.43	1.95	2.52	2.97	3.34	3.87	4.39	5.23
1.44	1.98	2.54	2.99	3.35	3.88	4.4	5.26
1.42	1.95	2.5	2.94	3.28	3.82	4.33	5.21
1.43	1.98	2.54	2.98	3.35	3.88	4.4	5.25
1.45	2.02	2.59	3.04	3.41	3.95	4.46	5.28
1.43	1.99	2.56	3.02	3.39	3.92	4.43	5.25
1.47	2.04	2.62	3.08	3.43	3.96	4.46	5.26
1.44	2	2.57	3.03	3.4	3.92	4.42	5.22
1.46	2.04	2.63	3.08	3.46	3.97	4.46	5.25
1.43	1.98	2.55	3.01	3.37	3.9	4.39	5.18
1.44	1.97	2.56	3.02	3.4	3.92	4.4	5.19
1.42	1.97	2.55	3.01	3.38	3.9	4.39	5.2
1.42	1.96	2.56	3.02	3.4	3.92	4.41	5.2
1.4	1.92	2.51	2.98	3.35	3.88	4.37	5.19
1.41	1.96	2.54	3.02	3.39	3.92	4.41	5.23
1.38	1.88	2.47	2.94	3.32	3.85	4.36	5.21
1.38	1.86	2.43	2.9	3.28	3.82	4.34	5.2
1.4	1.89	2.46	2.93	3.3	3.85	4.37	5.22
1.43	1.95	2.52	2.98	3.36	3.89	4.39	5.23
1.4	1.87	2.43	2.89	3.26	3.79	4.3	5.14
1.39	1.84	2.39	2.85	3.22	3.76	4.27	5.14
1.4	1.84	2.38	2.84	3.21	3.76	4.28	5.17
1.39	1.85	2.38	2.84	3.21	3.75	4.27	5.13
1.37	1.82	2.34	2.78	3.14	3.68	4.21	5.11
1.38	1.83	2.36	2.8	3.15	3.69	4.2	5.08
1.4	1.85	2.37	2.81	3.16	3.69	4.21	5.08
1.38	1.84	2.36	2.79	3.13	3.66	4.18	5.06
1.36	1.79	2.29	2.7	3.05	3.58	4.09	4.99
1.34	1.74	2.23	2.66	3.01	3.55	4.07	5
1.31	1.69	2.18	2.61	2.97	3.51	4.04	4.97
1.31	1.72	2.22	2.66	3.02	3.56	4.09	5.01
1.24	1.64	2.15	2.59	2.95	3.5	4.04	5
1.17	1.59	2.1	2.54	2.91	3.46	4.01	4.97
1.19	1.61	2.11	2.54	2.9	3.44	3.98	4.94
1.23	1.67	2.17	2.6	2.96	3.5	4.02	4.94
1.31	1.8	2.3	2.73	3.08	3.61	4.11	4.99
1.35	1.83	2.36	2.79	3.15	3.66	4.16	5.04
1.35	1.88	2.4	2.84	3.2	3.72	4.24	5.08
1.35	1.91	2.45	2.89	3.26	3.78	4.28	5.11
1.4	1.99	2.56	3	3.38	3.89	4.39	5.2
1.38	1.98	2.55	3.01	3.4	3.92	4.43	5.24
1.45	2.09	2.67	3.14	3.52	4.04	4.54	5.31
1.41	2.01	2.59	3.04	3.41	3.94	4.45	5.26
1.39	1.95	2.52	2.98	3.36	3.89	4.4	5.22
1.39	1.96	2.53	2.99	3.37	3.9	4.4	5.22
1.34	1.87	2.44	2.91	3.29	3.83	4.34	5.2
1.32	1.84	2.41	2.88	3.27	3.82	4.34	5.21
1.27	1.74	2.3	2.76	3.15	3.71	4.25	5.13
1.27	1.74	2.29	2.76	3.15	3.71	4.25	5.12
1.33	1.86	2.43	2.91	3.3	3.85	4.37	5.21
1.31	1.83	2.4	2.88	3.27	3.83	4.35	5.22
1.29	1.8	2.37	2.86	3.26	3.82	4.36	5.24
1.38	1.94	2.51	3	3.4	3.95	4.48	5.33
1.35	1.87	2.44	2.92	3.31	3.86	4.38	5.24
1.33	1.85	2.41	2.88	3.27	3.82	4.35	5.21
1.33	1.83	2.39	2.85	3.23	3.78	4.31	5.18
1.38	1.9	2.47	2.93	3.31	3.86	4.39	5.23
1.42	1.97	2.53	2.99	3.37	3.91	4.42	5.25
1.43	1.95	2.51	2.97	3.35	3.89	4.39	5.23
1.44	1.95	2.5	2.96	3.34	3.87	4.37	5.2
1.41	1.91	2.46	2.91	3.3	3.83	4.32	5.15
1.45	1.99	2.55	3.01	3.4	3.92	4.4	5.19
1.41	1.92	2.48	2.94	3.31	3.85	4.34	5.15
1.42	1.93	2.49	2.96	3.34	3.88	4.37	5.17
1.36	1.84	2.4	2.87	3.24	3.78	4.29	5.09
1.32	1.79	2.35	2.82	3.2	3.74	4.25	5.07
1.35	1.83	2.38	2.85	3.24	3.78	4.28	5.08
1.37	1.86	2.42	2.89	3.27	3.81	4.31	5.11
1.33	1.78	2.33	2.81	3.2	3.75	4.26	5.06
1.27	1.67	2.22	2.7	3.08	3.63	4.16	5
1.31	1.76	2.31	2.79	3.18	3.72	4.25	5.07
1.33	1.8	2.36	2.84	3.23	3.78	4.29	5.11
1.32	1.77	2.33	2.8	3.19	3.74	4.25	5.08
1.27	1.62	2.12	2.58	2.97	3.53	4.06	4.95
1.27	1.6	2.06	2.5	2.87	3.44	3.99	4.92
1.3	1.67	2.14	2.57	2.94	3.51	4.05	4.95
1.27	1.63	2.07	2.5	2.87	3.43	3.97	4.91
1.29	1.66	2.12	2.54	2.9	3.45	3.97	4.9
1.27	1.62	2.05	2.46	2.82	3.36	3.88	4.8
1.28	1.63	2.07	2.47	2.81	3.33	3.84	4.71
1.25	1.57	2	2.4	2.73	3.26	3.77	4.7
1.2	1.5	1.93	2.33	2.69	3.23	3.76	4.7
1.2	1.51	1.95	2.35	2.71	3.26	3.79	4.73
1.2	1.5	1.92	2.3	2.63	3.16	3.67	4.58
1.22	1.52	1.93	2.31	2.65	3.18	3.69	4.59
1.21	1.52	1.93	2.3	2.62	3.15	3.66	4.54
1.23	1.53	1.92	2.32	2.66	3.2	3.73	4.62
1.25	1.54	1.96	2.37	2.74	3.29	3.84	4.76
1.21	1.49	1.88	2.28	2.64	3.2	3.74	4.68
1.24	1.52	1.9	2.29	2.65	3.2	3.77	4.7
1.24	1.52	1.92	2.31	2.68	3.23	3.78	4.71
1.21	1.47	1.85	2.24	2.6	3.16	3.7	4.66
1.17	1.41	1.79	2.19	2.56	3.12	3.69	4.68
1.14	1.39	1.76	2.14	2.5	3.06	3.61	4.6
1.17	1.46	1.86	2.26	2.62	3.17	3.7	4.68
1.12	1.38	1.78	2.17	2.54	3.09	3.64	4.62
1.07	1.33	1.7	2.08	2.43	2.99	3.55	4.58
1.06	1.33	1.7	2.08	2.42	2.97	3.52	4.5
1.02	1.29	1.68	2.06	2.41	2.96	3.51	4.49
1	1.27	1.64	2.01	2.35	2.89	3.44	4.44
1.01	1.3	1.67	2.04	2.38	2.92	3.45	4.43
1.04	1.37	1.77	2.15	2.5	3.04	3.57	4.54
1.07	1.41	1.84	2.24	2.61	3.16	3.7	4.66
1.02	1.38	1.83	2.25	2.62	3.17	3.72	4.7
1.03	1.37	1.82	2.24	2.61	3.18	3.74	4.72
1.02	1.37	1.8	2.22	2.59	3.16	3.73	4.72
1.02	1.33	1.75	2.17	2.54	3.12	3.67	4.67
1.01	1.32	1.73	2.14	2.51	3.08	3.64	4.64
1.18	1.55	1.96	2.35	2.7	3.26	3.81	4.78
1.2	1.58	2.02	2.41	2.77	3.33	3.87	4.83
1.18	1.52	1.96	2.37	2.74	3.3	3.86	4.84
1.17	1.5	1.94	2.37	2.74	3.32	3.87	4.84
1.18	1.55	2.01	2.45	2.82	3.39	3.94	4.88
1.17	1.52	1.98	2.42	2.81	3.41	3.99	4.94
1.18	1.55	2.03	2.48	2.88	3.46	4.04	4.97
1.19	1.56	2.05	2.51	2.9	3.49	4.07	5
1.19	1.56	2.05	2.51	2.91	3.5	4.07	5.01
1.17	1.54	2.02	2.49	2.88	3.47	4.05	5
1.17	1.55	2.03	2.49	2.88	3.48	4.05	5
1.17	1.52	1.99	2.44	2.83	3.43	4.01	4.98
1.19	1.6	2.13	2.6	3.02	3.64	4.22	5.15
1.21	1.67	2.22	2.71	3.14	3.74	4.33	5.22
1.23	1.72	2.29	2.8	3.22	3.82	4.4	5.26
1.21	1.68	2.27	2.77	3.18	3.78	4.35	5.24
1.23	1.75	2.36	2.87	3.3	3.89	4.45	5.29
1.24	1.8	2.43	2.98	3.43	4.03	4.6	5.42
1.21	1.68	2.3	2.84	3.28	3.89	4.46	5.32
1.23	1.76	2.4	2.96	3.42	4.04	4.6	5.43
1.2	1.68	2.31	2.85	3.31	3.94	4.51	5.34
1.24	1.79	2.45	3.02	3.49	4.12	4.68	5.48
1.25	1.82	2.51	3.1	3.58	4.2	4.75	5.55
1.27	1.85	2.56	3.16	3.63	4.25	4.8	5.61
1.33	1.96	2.66	3.26	3.73	4.35	4.92	5.71
1.43	2.15	2.87	3.44	3.9	4.51	5.06	5.87
1.42	2.12	2.82	3.39	3.84	4.48	5.04	5.84
1.42	2.09	2.76	3.32	3.76	4.39	4.95	5.77
1.44	2.13	2.79	3.33	3.76	4.36	4.9	5.7
1.4	2.04	2.66	3.18	3.6	4.2	4.75	5.56
1.34	1.91	2.5	3.01	3.43	4.04	4.59	5.45
1.39	2.05	2.67	3.21	3.66	4.25	4.8	5.64
1.38	2.07	2.72	3.26	3.71	4.31	4.86	5.68
1.4	2.1	2.81	3.38	3.86	4.48	5.04	5.85
1.41	2.19	2.93	3.51	3.98	4.59	5.14	5.87
1.4	2.12	2.83	3.4	3.84	4.45	4.99	5.77
1.41	2.15	2.84	3.39	3.83	4.43	4.97	5.75
1.42	2.15	2.82	3.36	3.8	4.4	4.94	5.7
1.4	2.1	2.79	3.34	3.78	4.38	4.92	5.68
1.42	2.17	2.87	3.41	3.86	4.45	4.96	5.66
1.48	2.28	2.98	3.5	3.93	4.49	4.98	5.68
1.48	2.3	2.98	3.51	3.95	4.52	5.02	5.71
1.48	2.29	3.01	3.55	3.98	4.57	5.06	5.73
1.48	2.28	3	3.55	3.99	4.55	5.03	5.72
1.44	2.24	2.95	3.5	3.92	4.48	4.96	5.64
1.45	2.26	2.96	3.51	3.93	4.49	4.97	5.65
1.48	2.3	3.02	3.57	4	4.56	5.04	5.68
1.49	2.34	3.07	3.63	4.07	4.63	5.11	5.76
1.45	2.25	2.98	3.56	3.99	4.56	5.06	5.74
1.38	2.1	2.81	3.38	3.81	4.38	4.89	5.61
1.33	1.98	2.66	3.22	3.66	4.26	4.77	5.53
1.35	2.05	2.75	3.32	3.77	4.36	4.87	5.6
1.33	1.99	2.67	3.23	3.67	4.27	4.79	5.56
1.34	2	2.67	3.22	3.66	4.25	4.77	5.55
1.3	1.91	2.57	3.09	3.52	4.11	4.63	5.43
1.32	1.94	2.59	3.14	3.58	4.18	4.73	5.54
1.32	1.93	2.57	3.12	3.56	4.18	4.74	5.56
1.3	1.89	2.52	3.05	3.49	4.1	4.66	5.47
1.33	1.95	2.56	3.07	3.49	4.09	4.63	5.44
1.33	1.97	2.59	3.08	3.49	4.06	4.57	5.38
1.34	2.01	2.66	3.17	3.6	4.18	4.72	5.51
1.33	1.97	2.6	3.11	3.53	4.12	4.66	5.45
1.33	1.97	2.59	3.1	3.51	4.1	4.62	5.41
1.3	1.88	2.49	2.99	3.4	3.98	4.5	5.31
1.3	1.88	2.48	2.97	3.38	3.95	4.47	5.27
1.3	1.86	2.45	2.94	3.34	3.91	4.44	5.27
1.25	1.76	2.34	2.83	3.23	3.82	4.36	5.22
1.23	1.74	2.34	2.83	3.25	3.83	4.37	5.21
1.27	1.83	2.45	2.96	3.37	3.95	4.49	5.32
1.34	1.96	2.58	3.09	3.51	4.09	4.62	5.42
1.34	1.97	2.6	3.13	3.55	4.13	4.66	5.43
1.34	1.96	2.59	3.11	3.53	4.11	4.66	5.46
1.34	1.96	2.59	3.11	3.55	4.14	4.69	5.49
1.36	2.01	2.65	3.17	3.59	4.19	4.75	5.55
1.34	1.95	2.57	3.09	3.51	4.11	4.66	5.49
1.39	2.03	2.66	3.18	3.61	4.21	4.76	5.55
1.43	2.12	2.76	3.28	3.71	4.31	4.86	5.63
1.43	2.09	2.72	3.25	3.66	4.25	4.79	5.57
1.52	2.26	2.9	3.4	3.8	4.36	4.87	5.62
1.53	2.26	2.87	3.35	3.75	4.3	4.8	5.54
1.51	2.2	2.81	3.29	3.69	4.24	4.76	5.52
1.5	2.2	2.79	3.26	3.64	4.19	4.7	5.47
1.49	2.18	2.78	3.25	3.63	4.19	4.72	5.49
1.48	2.16	2.76	3.23	3.61	4.17	4.71	5.47
1.48	2.15	2.75	3.22	3.6	4.16	4.68	5.42
1.5	2.22	2.81	3.27	3.65	4.19	4.7	5.43
1.44	2.1	2.7	3.17	3.56	4.12	4.66	5.42
1.49	2.21	2.82	3.32	3.72	4.27	4.79	5.52
1.48	2.17	2.79	3.28	3.68	4.22	4.73	5.44
1.53	2.28	2.91	3.4	3.79	4.32	4.81	5.5
1.5	2.21	2.82	3.31	3.69	4.23	4.73	5.44
1.5	2.21	2.82	3.3	3.69	4.22	4.72	5.45
1.56	2.32	2.95	3.44	3.82	4.33	4.82	5.53
1.6	2.4	3.04	3.52	3.9	4.42	4.91	5.6
1.59	2.35	2.99	3.47	3.85	4.37	4.85	5.55
1.59	2.36	2.98	3.46	3.84	4.36	4.84	5.54
1.53	2.26	2.87	3.35	3.73	4.26	4.75	5.46
1.47	2.15	2.75	3.22	3.58	4.11	4.62	5.36
1.44	2.09	2.7	3.16	3.52	4.06	4.57	5.32
1.47	2.13	2.72	3.18	3.55	4.08	4.58	5.34
1.48	2.15	2.73	3.18	3.54	4.06	4.56	5.34
1.5	2.2	2.79	3.24	3.6	4.11	4.6	5.37
1.45	2.11	2.7	3.14	3.5	4.02	4.51	5.28
1.5	2.21	2.8	3.25	3.6	4.11	4.59	5.35
1.51	2.22	2.8	3.25	3.61	4.11	4.59	5.35
1.52	2.22	2.81	3.26	3.61	4.1	4.58	5.33
1.6	2.34	2.94	3.39	3.74	4.22	4.7	5.44
1.65	2.44	3.05	3.52	3.88	4.36	4.83	5.52
1.64	2.44	3.05	3.52	3.87	4.35	4.81	5.49
1.62	2.38	2.98	3.44	3.79	4.29	4.76	5.46
1.63	2.41	3.02	3.48	3.84	4.32	4.79	5.48
1.5	2.23	2.83	3.29	3.65	4.15	4.64	5.38
1.51	2.24	2.84	3.3	3.64	4.16	4.65	5.4
1.52	2.24	2.83	3.28	3.63	4.14	4.64	5.4
1.52	2.26	2.88	3.34	3.71	4.21	4.7	5.45
1.52	2.26	2.87	3.34	3.7	4.22	4.72	5.47
1.42	2.09	2.68	3.14	3.51	4.04	4.57	5.36
1.46	2.15	2.75	3.22	3.58	4.11	4.63	5.39
1.46	2.16	2.76	3.23	3.6	4.13	4.63	5.4
1.44	2.11	2.7	3.16	3.52	4.05	4.54	5.33
1.47	2.17	2.77	3.21	3.56	4.06	4.54	5.31
1.48	2.18	2.79	3.23	3.58	4.07	4.54	5.28
1.46	2.16	2.75	3.21	3.58	4.07	4.54	5.27
1.48	2.21	2.82	3.28	3.65	4.14	4.61	5.32
1.47	2.2	2.8	3.28	3.65	4.14	4.62	5.35
1.45	2.13	2.73	3.2	3.57	4.07	4.55	5.3
1.46	2.15	2.76	3.24	3.62	4.12	4.6	5.33
1.46	2.16	2.77	3.26	3.65	4.16	4.65	5.37
1.47	2.16	2.77	3.26	3.65	4.16	4.66	5.4
1.53	2.27	2.89	3.39	3.79	4.29	4.78	5.49
1.53	2.28	2.91	3.4	3.79	4.3	4.79	5.51
1.49	2.19	2.8	3.28	3.67	4.19	4.68	5.41
1.47	2.15	2.76	3.24	3.62	4.14	4.64	5.4
1.48	2.17	2.77	3.24	3.62	4.14	4.63	5.39
1.37	2	2.59	3.07	3.44	3.98	4.48	5.28
1.34	1.95	2.53	2.99	3.37	3.91	4.43	5.24
1.35	1.95	2.53	3.01	3.39	3.93	4.45	5.29
1.36	1.97	2.53	2.99	3.36	3.89	4.41	5.24
1.37	1.99	2.56	2.99	3.34	3.86	4.35	5.18
1.36	1.98	2.54	2.99	3.34	3.85	4.34	5.16
1.39	2.03	2.6	3.04	3.4	3.92	4.4	5.21
1.39	2.01	2.59	3.04	3.4	3.92	4.42	5.24
1.38	2	2.57	3.01	3.37	3.88	4.38	5.19
1.35	1.93	2.49	2.92	3.27	3.79	4.29	5.14
1.39	2.04	2.63	3.09	3.47	3.99	4.49	5.28
1.39	2.02	2.6	3.06	3.44	3.97	4.47	5.26
1.37	1.97	2.56	3.02	3.39	3.92	4.43	5.23
1.52	2.24	2.85	3.31	3.66	4.16	4.63	5.37
1.49	2.18	2.78	3.23	3.58	4.09	4.57	5.32
1.47	2.14	2.73	3.18	3.53	4.04	4.52	5.29
1.46	2.13	2.72	3.17	3.53	4.04	4.52	5.28
1.45	2.12	2.71	3.17	3.53	4.05	4.54	5.3
1.45	2.12	2.72	3.18	3.54	4.04	4.52	5.28
1.43	2.08	2.68	3.14	3.5	4.01	4.49	5.24
1.43	2.09	2.67	3.12	3.48	4	4.48	5.24
1.46	2.12	2.69	3.14	3.5	4.01	4.5	5.26
1.47	2.16	2.77	3.21	3.55	4.06	4.54	5.35
1.39	2.04	2.61	3.06	3.42	3.93	4.43	5.21
1.37	2	2.57	3.03	3.4	3.93	4.44	5.24
1.38	2.01	2.59	3.04	3.42	3.95	4.44	5.25
1.36	1.97	2.54	2.99	3.36	3.88	4.38	5.19
1.39	2.02	2.6	3.06	3.43	3.95	4.46	5.24
1.4	2.03	2.61	3.07	3.44	3.97	4.47	5.26
1.4	2.05	2.63	3.09	3.46	3.98	4.48	5.26
1.36	1.98	2.55	3	3.36	3.89	4.39	5.2
1.37	1.98	2.55	3	3.37	3.9	4.41	5.21
1.37	1.99	2.56	3.03	3.39	3.92	4.43	5.24
1.37	1.98	2.55	3.01	3.37	3.9	4.4	5.21
1.39	2	2.57	3.03	3.39	3.91	4.41	5.19
1.4	2.03	2.59	3.05	3.41	3.94	4.43	5.22
1.44	2.08	2.66	3.12	3.49	4.01	4.5	5.28
1.42	2.05	2.62	3.08	3.44	3.96	4.46	5.24
1.31	1.86	2.41	2.85	3.19	3.72	4.23	5.05
1.29	1.81	2.35	2.78	3.13	3.66	4.17	5.03
1.29	1.8	2.3	2.73	3.08	3.61	4.13	5
1.31	1.82	2.31	2.73	3.07	3.6	4.11	4.99
1.31	1.8	2.29	2.7	3.04	3.57	4.08	4.97
1.3	1.8	2.29	2.7	3.05	3.58	4.1	4.97
1.31	1.82	2.32	2.73	3.08	3.6	4.11	4.98
1.33	1.87	2.38	2.78	3.12	3.65	4.15	5.01
1.29	1.79	2.26	2.66	2.99	3.52	4.03	4.92
1.31	1.82	2.32	2.72	3.05	3.58	4.09	4.97
1.31	1.83	2.33	2.76	3.09	3.62	4.13	4.99
1.3	1.81	2.31	2.74	3.08	3.6	4.12	4.98
1.3	1.81	2.3	2.71	3.05	3.57	4.09	4.96
1.29	1.79	2.28	2.69	3.04	3.56	4.07	4.95
1.31	1.81	2.31	2.74	3.08	3.6	4.12	4.99
1.32	1.82	2.33	2.77	3.11	3.64	4.16	5.03
1.36	1.93	2.45	2.89	3.25	3.78	4.29	5.14
1.35	1.9	2.42	2.85	3.2	3.73	4.25	5.1
1.35	1.9	2.41	2.85	3.2	3.73	4.25	5.09
1.38	1.95	2.47	2.91	3.26	3.79	4.3	5.15
1.52	2.16	2.72	3.15	3.51	4.02	4.51	5.29
1.53	2.22	2.79	3.25	3.62	4.14	4.62	5.37
1.51	2.19	2.76	3.22	3.58	4.1	4.59	5.35
1.48	2.15	2.72	3.18	3.54	4.06	4.55	5.31
1.51	2.2	2.78	3.23	3.6	4.11	4.6	5.35
1.52	2.22	2.81	3.27	3.65	4.16	4.65	5.39
1.56	2.29	2.89	3.36	3.74	4.25	4.74	5.46
1.64	2.4	2.99	3.47	3.85	4.36	4.84	5.53
1.65	2.4	3.01	3.48	3.83	4.34	4.81	5.51
1.6	2.35	2.95	3.43	3.8	4.31	4.79	5.5
1.61	2.35	2.95	3.41	3.77	4.28	4.76	5.49
1.64	2.41	3.03	3.5	3.87	4.38	4.84	5.55
1.7	2.51	3.12	3.58	3.94	4.43	4.89	5.57
1.7	2.49	3.09	3.55	3.9	4.39	4.84	5.54
1.75	2.56	3.16	3.62	3.96	4.44	4.88	5.57
1.78	2.6	3.2	3.64	3.98	4.45	4.89	5.55
1.77	2.58	3.19	3.64	3.98	4.45	4.89	5.55
1.77	2.58	3.19	3.64	3.97	4.44	4.88	5.56
1.81	2.64	3.25	3.7	4.04	4.51	4.95	5.59
1.82	2.67	3.29	3.75	4.09	4.56	5	5.63
1.82	2.67	3.29	3.75	4.08	4.55	4.97	5.6
1.82	2.66	3.28	3.73	4.08	4.55	4.99	5.62
1.81	2.65	3.29	3.76	4.12	4.6	5.04	5.67
1.87	2.72	3.36	3.84	4.2	4.68	5.12	5.73
2.05	2.97	3.62	4.09	4.43	4.89	5.29	5.86
2.07	2.98	3.64	4.1	4.46	4.92	5.33	5.87
2.05	2.97	3.63	4.1	4.45	4.92	5.32	5.87
2.06	2.98	3.62	4.09	4.44	4.9	5.31	5.87
2.09	3.02	3.66	4.13	4.48	4.96	5.37	5.92
2.09	2.99	3.64	4.11	4.46	4.93	5.35	5.93
2.02	2.87	3.51	3.97	4.32	4.8	5.22	5.82
2.05	2.93	3.56	4.01	4.35	4.82	5.23	5.82
2.09	2.97	3.61	4.06	4.4	4.87	5.28	5.86
2.09	2.96	3.58	4.03	4.36	4.82	5.24	5.82
2.07	2.92	3.53	3.98	4.31	4.78	5.19	5.78
2.13	3.01	3.62	4.07	4.41	4.86	5.27	5.84
2.11	2.98	3.58	4.03	4.37	4.82	5.23	5.82
2.09	2.94	3.54	3.99	4.33	4.78	5.19	5.78
2.06	2.87	3.46	3.9	4.23	4.69	5.12	5.73
2.1	2.91	3.5	3.92	4.25	4.71	5.12	5.73
2.15	2.99	3.58	4.01	4.34	4.79	5.2	5.79
2.19	3.04	3.61	4.04	4.36	4.81	5.22	5.81
2.2	3.03	3.62	4.05	4.37	4.82	5.22	5.81
2.26	3.1	3.68	4.1	4.42	4.86	5.24	5.82
2.26	3.1	3.69	4.12	4.44	4.89	5.29	5.86
2.27	3.1	3.68	4.1	4.43	4.87	5.28	5.87
2.33	3.15	3.71	4.12	4.44	4.88	5.28	5.86
2.39	3.22	3.77	4.17	4.48	4.91	5.3	5.87
2.48	3.3	3.84	4.23	4.52	4.94	5.33	5.9
2.43	3.23	3.75	4.13	4.42	4.84	5.23	5.8
2.43	3.24	3.76	4.14	4.43	4.85	5.23	5.81
2.45	3.27	3.8	4.17	4.44	4.86	5.24	5.8
2.38	3.17	3.7	4.08	4.36	4.77	5.17	5.74
2.4	3.19	3.72	4.1	4.39	4.8	5.19	5.77
2.42	3.22	3.74	4.11	4.39	4.81	5.2	5.79
2.42	3.21	3.73	4.11	4.4	4.82	5.22	5.81
2.36	3.12	3.63	4.01	4.29	4.71	5.11	5.71
2.39	3.16	3.67	4.05	4.34	4.76	5.15	5.75
2.46	3.25	3.76	4.13	4.42	4.82	5.21	5.78
2.47	3.26	3.77	4.14	4.43	4.84	5.22	5.79
2.43	3.19	3.68	4.04	4.32	4.72	5.1	5.69
2.37	3.12	3.61	3.99	4.27	4.69	5.08	5.68
2.24	2.92	3.41	3.78	4.08	4.51	4.93	5.57
2.27	2.97	3.46	3.83	4.13	4.55	4.95	5.58
2.25	2.94	3.43	3.81	4.11	4.54	4.94	5.57
2.26	2.95	3.44	3.81	4.1	4.53	4.94	5.57
2.26	2.95	3.44	3.82	4.11	4.55	4.96	5.59
2.25	2.94	3.42	3.79	4.09	4.52	4.93	5.56
2.3	3	3.48	3.85	4.15	4.57	4.98	5.61
2.32	3.02	3.51	3.87	4.16	4.58	4.98	5.6
2.32	3.03	3.51	3.87	4.16	4.57	4.97	5.58
2.27	2.94	3.42	3.77	4.05	4.47	4.87	5.5
2.28	2.96	3.42	3.77	4.04	4.45	4.85	5.48
2.3	2.98	3.44	3.79	4.07	4.47	4.87	5.5
2.41	3.15	3.62	3.96	4.23	4.62	4.99	5.59
2.39	3.09	3.55	3.9	4.17	4.55	4.93	5.54
2.4	3.11	3.57	3.91	4.17	4.56	4.93	5.55
2.43	3.15	3.62	3.94	4.2	4.59	4.96	5.57
2.45	3.19	3.65	3.99	4.26	4.65	5.02	5.62
2.47	3.22	3.7	4.05	4.33	4.72	5.1	5.7
2.46	3.19	3.66	4.02	4.29	4.69	5.08	5.68
2.39	3.09	3.57	3.92	4.2	4.61	5	5.61
2.37	3.06	3.53	3.88	4.16	4.56	4.95	5.56
2.37	3.06	3.53	3.88	4.15	4.55	4.93	5.54
2.37	3.04	3.51	3.85	4.12	4.52	4.9	5.53
2.36	3.03	3.49	3.84	4.11	4.5	4.89	5.52
2.18	2.76	3.22	3.58	3.86	4.29	4.71	5.38
2.2	2.8	3.25	3.6	3.88	4.3	4.71	5.39
2.21	2.81	3.26	3.61	3.88	4.3	4.7	5.38
2.27	2.9	3.35	3.7	3.98	4.38	4.77	5.44
2.28	2.9	3.35	3.69	3.96	4.37	4.77	5.43
2.25	2.84	3.27	3.61	3.88	4.29	4.69	5.38
2.28	2.87	3.3	3.64	3.91	4.32	4.73	5.4
2.26	2.83	3.26	3.6	3.87	4.29	4.71	5.39
2.25	2.8	3.23	3.56	3.84	4.26	4.67	5.38
2.25	2.81	3.23	3.58	3.85	4.27	4.69	5.38
2.25	2.79	3.22	3.56	3.83	4.26	4.68	5.39
2.3	2.87	3.3	3.63	3.91	4.33	4.74	5.43
2.32	2.9	3.33	3.66	3.94	4.35	4.76	5.44
2.28	2.83	3.25	3.59	3.87	4.28	4.7	5.39
2.31	2.85	3.27	3.6	3.88	4.29	4.69	5.38
2.3	2.84	3.25	3.58	3.86	4.26	4.67	5.36
2.3	2.84	3.26	3.59	3.86	4.27	4.66	5.35
2.26	2.76	3.17	3.5	3.77	4.18	4.58	5.3
2.28	2.79	3.19	3.52	3.79	4.2	4.6	5.3
2.29	2.8	3.2	3.53	3.8	4.21	4.62	5.32
2.41	2.96	3.37	3.7	3.97	4.37	4.76	5.43
2.43	2.96	3.36	3.68	3.95	4.34	4.73	5.4
2.43	2.95	3.34	3.66	3.92	4.32	4.71	5.39
2.38	2.86	3.26	3.57	3.82	4.22	4.62	5.31
2.33	2.82	3.23	3.55	3.8	4.21	4.62	5.32
2.34	2.85	3.25	3.56	3.81	4.21	4.6	5.3
2.33	2.84	3.24	3.55	3.8	4.19	4.59	5.29
2.34	2.85	3.25	3.55	3.8	4.2	4.6	5.31
2.34	2.85	3.24	3.55	3.79	4.18	4.57	5.28
2.34	2.84	3.22	3.51	3.75	4.15	4.55	5.25
2.33	2.81	3.19	3.47	3.72	4.11	4.51	5.23
2.35	2.83	3.2	3.48	3.72	4.1	4.49	5.21
2.38	2.84	3.19	3.47	3.69	4.06	4.44	5.15
2.36	2.8	3.15	3.42	3.64	4.02	4.4	5.1
2.47	2.95	3.29	3.55	3.77	4.12	4.48	5.16
2.44	2.89	3.23	3.49	3.7	4.05	4.41	5.11
2.44	2.87	3.2	3.46	3.67	4.03	4.4	5.1
2.48	2.95	3.29	3.55	3.77	4.13	4.51	5.2
2.51	2.99	3.34	3.62	3.85	4.2	4.58	5.25
2.5	2.96	3.32	3.62	3.87	4.24	4.63	5.29
2.53	3	3.37	3.66	3.9	4.27	4.65	5.32
2.52	2.99	3.36	3.65	3.88	4.25	4.63	5.29
2.52	3	3.36	3.66	3.89	4.27	4.64	5.31
2.57	3.07	3.44	3.74	3.97	4.34	4.71	5.36
2.48	2.93	3.29	3.58	3.82	4.2	4.58	5.26
2.44	2.88	3.23	3.53	3.77	4.15	4.55	5.24
2.46	2.89	3.24	3.53	3.78	4.16	4.55	5.24
2.42	2.83	3.18	3.47	3.7	4.09	4.49	5.2
2.44	2.86	3.21	3.5	3.74	4.11	4.5	5.2
2.44	2.86	3.2	3.49	3.72	4.1	4.5	5.2
2.47	2.9	3.25	3.52	3.75	4.12	4.5	5.19
2.44	2.85	3.17	3.44	3.66	4.04	4.41	5.11
2.45	2.85	3.18	3.44	3.67	4.03	4.41	5.1
2.47	2.87	3.19	3.46	3.69	4.05	4.43	5.11
2.45	2.84	3.15	3.41	3.63	3.99	4.38	5.08
2.46	2.85	3.16	3.42	3.64	4.01	4.39	5.08
2.49	2.87	3.19	3.45	3.67	4.03	4.41	5.09
2.55	2.96	3.28	3.55	3.77	4.14	4.52	5.19
2.55	2.94	3.24	3.51	3.73	4.1	4.48	5.16
2.56	2.94	3.25	3.51	3.74	4.11	4.49	5.18
2.59	2.97	3.28	3.55	3.78	4.15	4.53	5.21
2.61	3	3.31	3.58	3.82	4.19	4.58	5.25
2.58	2.95	3.25	3.51	3.73	4.1	4.48	5.16
2.75	3.16	3.46	3.72	3.93	4.27	4.63	5.27
2.77	3.19	3.49	3.73	3.94	4.28	4.64	5.29
2.77	3.19	3.48	3.73	3.95	4.29	4.65	5.31
2.81	3.23	3.52	3.78	3.99	4.33	4.69	5.34
2.8	3.19	3.48	3.72	3.93	4.27	4.62	5.28
2.84	3.23	3.51	3.75	3.95	4.28	4.63	5.27
2.88	3.28	3.55	3.77	3.97	4.3	4.64	5.27
2.86	3.25	3.51	3.74	3.94	4.26	4.61	5.25
2.87	3.25	3.5	3.72	3.91	4.23	4.57	5.22
2.93	3.32	3.58	3.79	3.98	4.28	4.61	5.24
2.93	3.32	3.57	3.78	3.96	4.27	4.59	5.22
2.94	3.34	3.58	3.78	3.97	4.26	4.57	5.18
2.95	3.34	3.58	3.79	3.96	4.26	4.57	5.18
2.97	3.39	3.64	3.84	4.02	4.31	4.63	5.24
2.99	3.43	3.69	3.9	4.1	4.39	4.71	5.32
2.97	3.4	3.69	3.91	4.11	4.42	4.77	5.37
2.97	3.38	3.66	3.9	4.11	4.43	4.78	5.41
3.01	3.44	3.72	3.96	4.18	4.48	4.82	5.43
2.91	3.27	3.54	3.78	3.98	4.31	4.67	5.32
2.93	3.31	3.57	3.79	3.99	4.31	4.65	5.29
2.94	3.32	3.58	3.8	3.99	4.3	4.64	5.28
2.93	3.29	3.53	3.74	3.92	4.23	4.56	5.2
2.92	3.24	3.47	3.68	3.86	4.16	4.51	5.16
2.95	3.28	3.51	3.71	3.89	4.19	4.53	5.19
2.99	3.33	3.55	3.74	3.91	4.21	4.55	5.19
3.02	3.36	3.58	3.78	3.95	4.25	4.59	5.22
3.01	3.32	3.53	3.7	3.86	4.15	4.48	5.1
3.03	3.35	3.56	3.74	3.92	4.21	4.54	5.17
3.06	3.39	3.61	3.79	3.97	4.26	4.6	5.22
3.06	3.4	3.61	3.79	3.96	4.25	4.58	5.2
3.1	3.45	3.65	3.83	3.99	4.28	4.6	5.21
3.1	3.45	3.65	3.83	3.99	4.28	4.62	5.24
3.09	3.43	3.64	3.82	4	4.3	4.63	5.25
3.1	3.45	3.67	3.87	4.05	4.36	4.7	5.31
3.12	3.48	3.71	3.91	4.1	4.41	4.76	5.35
3.1	3.46	3.69	3.88	4.06	4.36	4.7	5.31
3.12	3.48	3.7	3.89	4.06	4.35	4.68	5.28
3.09	3.44	3.67	3.86	4.03	4.32	4.65	5.24
3.11	3.47	3.69	3.88	4.05	4.32	4.64	5.23
3.13	3.49	3.71	3.89	4.06	4.33	4.65	5.23
3.19	3.57	3.78	3.96	4.11	4.38	4.68	5.25
3.17	3.53	3.75	3.94	4.1	4.37	4.67	5.23
3.18	3.56	3.77	3.95	4.11	4.37	4.66	5.22
3.2	3.58	3.8	3.98	4.14	4.4	4.68	5.23
3.22	3.6	3.81	3.99	4.14	4.4	4.68	5.2
3.21	3.57	3.78	3.95	4.11	4.37	4.65	5.17
3.2	3.56	3.75	3.92	4.06	4.31	4.59	5.1
3.24	3.61	3.81	3.96	4.09	4.33	4.6	5.09
3.25	3.62	3.83	3.99	4.12	4.36	4.62	5.11
3.26	3.63	3.83	3.98	4.12	4.34	4.58	5.06
3.24	3.58	3.79	3.95	4.09	4.31	4.58	5.06
3.22	3.53	3.74	3.9	4.04	4.27	4.55	5.04
3.21	3.55	3.75	3.91	4.04	4.27	4.53	5.02
3.24	3.58	3.78	3.94	4.08	4.3	4.55	5.03
3.25	3.59	3.78	3.94	4.08	4.31	4.57	5.05
3.27	3.63	3.83	3.99	4.12	4.34	4.59	5.05
3.26	3.59	3.79	3.94	4.07	4.28	4.52	5
3.28	3.63	3.83	3.98	4.1	4.3	4.53	4.99
3.28	3.62	3.8	3.95	4.08	4.29	4.53	4.99
3.3	3.64	3.83	3.98	4.1	4.3	4.54	4.99
3.34	3.69	3.89	4.03	4.15	4.34	4.56	4.98
3.3	3.63	3.8	3.94	4.05	4.24	4.46	4.87
3.32	3.66	3.84	3.97	4.07	4.25	4.46	4.85
3.34	3.68	3.85	3.97	4.06	4.22	4.42	4.78
3.3	3.63	3.8	3.92	4.02	4.18	4.39	4.77
3.31	3.61	3.77	3.89	4	4.18	4.4	4.83
3.31	3.62	3.79	3.92	4.03	4.22	4.46	4.88
3.37	3.7	3.87	3.99	4.09	4.26	4.47	4.87
3.37	3.7	3.86	3.98	4.08	4.25	4.47	4.88
3.41	3.73	3.91	4.03	4.14	4.32	4.53	4.94
3.42	3.75	3.93	4.06	4.17	4.34	4.55	4.96
3.45	3.79	3.97	4.11	4.22	4.41	4.63	5.08
3.47	3.8	3.99	4.13	4.24	4.43	4.66	5.1
3.47	3.8	3.99	4.12	4.23	4.41	4.62	5.05
3.51	3.85	4.03	4.16	4.26	4.44	4.65	5.08
3.54	3.89	4.08	4.2	4.31	4.48	4.67	5.08
3.55	3.91	4.09	4.21	4.32	4.48	4.68	5.07
3.57	3.94	4.14	4.29	4.41	4.59	4.79	5.18
3.57	3.94	4.15	4.3	4.42	4.6	4.8	5.19
3.57	3.93	4.13	4.28	4.4	4.57	4.78	5.18
3.57	3.92	4.12	4.25	4.36	4.54	4.74	5.13
3.57	3.93	4.12	4.25	4.35	4.51	4.7	5.06
3.61	3.99	4.19	4.32	4.43	4.59	4.78	5.14
3.63	4.02	4.23	4.38	4.51	4.68	4.88	5.25
3.66	4.05	4.28	4.43	4.55	4.73	4.92	5.28
3.68	4.09	4.32	4.47	4.59	4.76	4.95	5.29
3.7	4.12	4.35	4.51	4.63	4.79	4.97	5.29
3.7	4.12	4.33	4.47	4.58	4.73	4.91	5.24
3.68	4.07	4.28	4.43	4.54	4.72	4.92	5.28
3.7	4.08	4.29	4.44	4.55	4.72	4.91	5.26
3.72	4.11	4.32	4.46	4.57	4.73	4.92	5.27
3.72	4.12	4.34	4.49	4.6	4.76	4.95	5.31
3.72	4.11	4.32	4.46	4.57	4.74	4.93	5.28
3.85	4.29	4.52	4.67	4.78	4.92	5.09	5.4
3.82	4.26	4.48	4.61	4.72	4.86	5.03	5.34
3.86	4.3	4.53	4.67	4.77	4.92	5.08	5.38
3.85	4.28	4.5	4.64	4.74	4.89	5.06	5.36
3.85	4.27	4.48	4.62	4.72	4.86	5.03	5.34
3.82	4.21	4.42	4.55	4.65	4.8	4.96	5.28
3.82	4.21	4.42	4.55	4.65	4.8	4.98	5.29
3.79	4.15	4.35	4.48	4.58	4.74	4.92	5.24
3.8	4.16	4.36	4.49	4.6	4.76	4.93	5.27
3.78	4.14	4.32	4.45	4.56	4.72	4.9	5.25
3.76	4.09	4.28	4.42	4.52	4.69	4.88	5.24
3.82	4.19	4.4	4.54	4.65	4.81	4.99	5.34
3.82	4.19	4.39	4.52	4.62	4.77	4.94	5.27
3.83	4.18	4.37	4.5	4.59	4.75	4.92	5.25
3.77	4.1	4.27	4.39	4.49	4.64	4.82	5.17
3.73	4.05	4.23	4.36	4.46	4.62	4.81	5.17
3.7	4.01	4.19	4.32	4.43	4.59	4.78	5.16
3.63	3.92	4.1	4.23	4.33	4.5	4.7	5.08
3.62	3.9	4.08	4.2	4.3	4.46	4.65	5.01
3.66	3.96	4.14	4.26	4.35	4.52	4.7	5.06
3.67	3.97	4.14	4.25	4.35	4.5	4.69	5.07
3.71	4.02	4.19	4.3	4.39	4.54	4.71	5.07
3.73	4.04	4.2	4.3	4.38	4.53	4.7	5.04
3.75	4.07	4.23	4.34	4.43	4.56	4.73	5.08
3.69	3.98	4.15	4.25	4.34	4.49	4.66	5.02
3.69	3.98	4.13	4.24	4.33	4.48	4.66	5.03
3.7	3.97	4.11	4.21	4.29	4.43	4.6	4.95
3.74	4.03	4.18	4.28	4.37	4.5	4.67	5.02
3.73	4.01	4.16	4.25	4.33	4.47	4.64	4.99
3.73	4	4.16	4.26	4.34	4.49	4.67	5.06
3.69	3.95	4.1	4.2	4.28	4.43	4.62	5.03
3.77	4.07	4.21	4.3	4.38	4.52	4.69	5.07
3.82	4.11	4.25	4.34	4.42	4.55	4.71	5.05
3.8	4.08	4.22	4.32	4.4	4.53	4.68	5.03
3.76	4.02	4.16	4.25	4.33	4.46	4.62	4.97
3.79	4.06	4.2	4.3	4.38	4.51	4.67	5.01
3.76	4	4.13	4.22	4.29	4.43	4.59	4.95
3.73	3.97	4.1	4.19	4.27	4.41	4.59	4.95
3.73	3.96	4.09	4.18	4.26	4.4	4.57	4.93
3.72	3.94	4.05	4.14	4.21	4.35	4.51	4.87
3.76	3.98	4.1	4.18	4.25	4.37	4.53	4.88
3.79	4.02	4.14	4.23	4.3	4.42	4.57	4.9
3.78	4.01	4.13	4.2	4.27	4.38	4.53	4.86
3.77	3.98	4.09	4.16	4.22	4.33	4.48	4.81
3.76	3.96	4.07	4.14	4.2	4.3	4.44	4.79
3.79	4	4.1	4.17	4.24	4.35	4.5	4.85
3.81	4.01	4.11	4.18	4.24	4.36	4.51	4.86
3.77	3.95	4.04	4.1	4.16	4.27	4.42	4.77
3.66	3.78	3.87	3.94	4	4.12	4.3	4.67
3.72	3.86	3.94	4	4.05	4.16	4.31	4.65
3.72	3.87	3.95	4.01	4.06	4.16	4.3	4.63
3.76	3.92	4.01	4.08	4.15	4.25	4.39	4.7
3.75	3.91	3.99	4.05	4.11	4.21	4.34	4.65
3.76	3.92	3.99	4.05	4.1	4.19	4.32	4.63
3.81	3.98	4.06	4.11	4.17	4.25	4.38	4.69
3.85	4.02	4.11	4.16	4.21	4.3	4.42	4.73
3.86	4.05	4.15	4.21	4.28	4.37	4.49	4.8
3.86	4.04	4.15	4.22	4.29	4.38	4.52	4.84
3.87	4.07	4.17	4.24	4.3	4.4	4.55	4.88
3.89	4.09	4.19	4.26	4.32	4.41	4.54	4.86
3.87	4.05	4.14	4.2	4.26	4.36	4.49	4.8
3.89	4.08	4.18	4.24	4.3	4.4	4.53	4.84
3.88	4.04	4.13	4.19	4.24	4.33	4.46	4.76
3.85	3.99	4.06	4.12	4.17	4.26	4.39	4.7
3.84	3.97	4.03	4.09	4.14	4.23	4.36	4.69
3.83	3.93	4	4.05	4.1	4.2	4.33	4.65
3.82	3.92	3.98	4.03	4.08	4.17	4.3	4.62
3.86	3.98	4.04	4.09	4.15	4.24	4.36	4.66
3.86	3.96	4.03	4.08	4.13	4.23	4.35	4.65
3.87	3.98	4.05	4.1	4.15	4.25	4.38	4.69
3.96	4.06	4.12	4.17	4.23	4.32	4.44	4.74
4	4.13	4.2	4.26	4.31	4.4	4.52	4.81
4	4.13	4.2	4.25	4.3	4.38	4.5	4.79
3.96	4.07	4.13	4.19	4.24	4.33	4.46	4.74
4	4.12	4.19	4.24	4.29	4.38	4.49	4.78
4.04	4.18	4.25	4.31	4.37	4.45	4.57	4.84
4.03	4.17	4.25	4.3	4.35	4.44	4.55	4.84
4.06	4.19	4.27	4.33	4.38	4.47	4.58	4.87
4.07	4.2	4.28	4.33	4.39	4.48	4.59	4.87
4.07	4.21	4.29	4.35	4.41	4.49	4.61	4.88
